110228
110229
120221
120223
120225
130181
130323
130603
130604
130621
130622
130625
130682
130721
130729
130733
131181
210122
210282
230182
231024
310108
320202
320203
320204
320405
320482
320802
320811
320829
320982
330183
330322
340702
340703
340721
340823
341521
350784
350822
360122
360427
361122
371421
371727
410224
440116
441283
441723
451025
469003
500223
500226
500234
510122
510724
511422
512081
513229
513321
520321
530328
540125
542121
542122
542123
542124
542125
542126
542127
542128
542129
542132
542133
542221
542222
542223
542224
542225
542226
542227
542228
542229
542231
542232
542233
542621
542622
542623
542624
542625
542626
542627
610126
610624
610823
652101
652122
652123
652201
652222
652223
659005
